%YAML:1.0
---
model_type: ladybug
camera_name: Cam5
image_width: 1232
image_height: 1616
poly_parameters:
   p0: -3.0250202473964378e-07
   p1: 6.3052906637566843e-13
   p2: -6.2801196717558629e-19
   p3: 2.7225687622700208e-25
   p4: 2.4270792268665341e-08
   p5: 1.2360275609806272e-08
   p6: 5.0725358889322003e-02
   p7: -3.6556735093361406e-04
   p8: 5.6263035448700482e-01
   p9: 9.3140000000000487e+02
   p10: 6.1126174643749596e+02
   p11: 8.2412849568290505e+02
inv_poly_parameters:
   p0: 1.7916113441166151e-07
   p1: 4.6005343429115538e-13
   p2: -4.4259147309736318e-19
   p3: 2.7868330457052127e-25
   p4: 5.8798886923379737e-09
   p5: -2.8460237903608304e-08
   p6: -2.5765411391185128e-02
   p7: -2.5229618342437768e-04
   p8: 1.9220233753807756e+00
   p9: 4.0980000000000450e+02
   p10: 6.1127596003419808e+02
   p11: 8.2413642584896684e+02
projection_parameters:
   frectified: 3.9943318399999998e+02
   x0rectified: 6.0933137599999998e+02
   y0rectified: 8.2636195199999997e+02
