%YAML:1.0
---
model_type: ladybug
camera_name: Cam2
image_width: 1232
image_height: 1616
poly_parameters:
   p0: -2.9663371131231930e-07
   p1: 5.8924559604733332e-13
   p2: -5.6497993203192315e-19
   p3: 2.4093207470102095e-25
   p4: -2.0884408822680705e-08
   p5: -9.0479391617217852e-09
   p6: 4.5619950591161314e-02
   p7: -1.4292371689759303e-04
   p8: 5.7027347985283616e-01
   p9: 9.3820000000000641e+02
   p10: 6.1055309244566138e+02
   p11: 7.9777097465639235e+02
inv_poly_parameters:
   p0: 6.6389660825491318e-07
   p1: 6.6166153963229533e-13
   p2: -2.2957598552235949e-19
   p3: 7.4314830113174108e-25
   p4: -8.4362177562234730e-09
   p5: 1.7816314707590188e-08
   p6: 6.6459418563311556e-02
   p7: -1.1486631184066577e-04
   p8: 1.7236765337317919e+00
   p9: 4.0960000000000446e+02
   p10: 6.1054553640823246e+02
   p11: 7.9776455335656794e+02
projection_parameters:
   frectified: 4.0838582400000001e+02
   x0rectified: 6.0794168000000002e+02
   y0rectified: 7.9395953599999996e+02
