%YAML:1.0
---
model_type: ladybug
camera_name: Cam4
image_width: 1232
image_height: 1616
poly_parameters:
   p0: -3.3368568493099343e-07
   p1: 6.7756323791288282e-13
   p2: -6.5323306479149875e-19
   p3: 2.7578844601412737e-25
   p4: 2.1130013712238409e-08
   p5: 8.0073724169697258e-09
   p6: 2.0204046208632042e-02
   p7: -2.4979150723597216e-04
   p8: 5.5017487785470920e-01
   p9: 9.3580000000000587e+02
   p10: 6.2427235628241021e+02
   p11: 8.1647045829959666e+02
inv_poly_parameters:
   p0: 7.5458858494937076e-07
   p1: 7.7923628508800091e-13
   p2: -2.9411079290460104e-19
   p3: 1.0820879265819050e-24
   p4: 1.8327342542450702e-08
   p5: -3.3531779359117655e-08
   p6: 9.4948643814596737e-02
   p7: -2.0238597666185720e-04
   p8: 1.6953091204310367e+00
   p9: 4.0990000000000452e+02
   p10: 6.2428272777938980e+02
   p11: 8.1647484327980283e+02
projection_parameters:
   frectified: 4.0392081600000000e+02
   x0rectified: 6.2907047999999998e+02
   y0rectified: 8.2327054399999997e+02
