%YAML:1.0
---
model_type: ladybug
camera_name: Cam3
image_width: 1232
image_height: 1616
poly_parameters:
   p0: -2.9479027841357046e-07
   p1: 6.4578836470237361e-13
   p2: -6.8103217247825243e-19
   p3: 3.1589213520050737e-25
   p4: 1.2844116455140690e-08
   p5: -1.7415078089273154e-09
   p6: 3.7593612378522760e-02
   p7: -3.4061908541175450e-04
   p8: 5.6414075134747321e-01
   p9: 9.2740000000000396e+02
   p10: 6.1410930336872548e+02
   p11: 8.1047436401618381e+02
inv_poly_parameters:
   p0: 7.3884438853365490e-07
   p1: 8.1576961057575408e-13
   p2: -3.9051470957895113e-19
   p3: 1.1036677895732401e-24
   p4: 9.8099280412804123e-11
   p5: -6.2095791146908241e-09
   p6: 8.8318326872791078e-02
   p7: -2.8304376576336469e-04
   p8: 1.6934890991707710e+00
   p9: 4.0990000000000452e+02
   p10: 6.1411060437734693e+02
   p11: 8.1047873135868929e+02
projection_parameters:
   frectified: 4.0680214400000000e+02
   x0rectified: 6.1364707199999998e+02
   y0rectified: 8.1087420799999995e+02
