%YAML:1.0
---
model_type: ladybug
camera_name: Cam1
image_width: 1232
image_height: 1616
poly_parameters:
   p0: -2.8492479821890240e-07
   p1: 5.9498040686094759e-13
   p2: -5.9987147957306858e-19
   p3: 2.6636853375901584e-25
   p4: 1.0919534794594241e-08
   p5: -2.0636424232431244e-08
   p6: 4.9098380261755753e-02
   p7: 1.9047140934613981e-05
   p8: 5.7347620859690174e-01
   p9: 9.3280000000000518e+02
   p10: 6.0912205035771865e+02
   p11: 8.1089345090302959e+02
inv_poly_parameters:
   p0: 7.0529461558948336e-07
   p1: 7.4790747606672316e-13
   p2: -3.1161305340517035e-19
   p3: 9.2739288379624695e-25
   p4: 8.6204945110479470e-10
   p5: -3.0051334676670044e-09
   p6: 7.5899805870486545e-02
   p7: 1.4744425361750654e-05
   p8: 1.7053741370692577e+00
   p9: 4.0990000000000452e+02
   p10: 6.0911575821286908e+02
   p11: 8.1089744516464589e+02
projection_parameters:
   frectified: 4.0971902399999999e+02
   x0rectified: 6.0676265599999999e+02
   y0rectified: 8.1394784000000004e+02
