%YAML:1.0
---
model_type: ladybug
camera_name: Cam0
image_width: 1232
image_height: 1616
poly_parameters:
   p0: -2.8460971984040480e-07
   p1: 6.1450258143050241e-13
   p2: -6.2225844270912736e-19
   p3: 2.7435417857734623e-25
   p4: -1.6779731175110199e-09
   p5: 2.1363923881234031e-09
   p6: 3.5933036930038298e-02
   p7: 1.6008612429037005e-04
   p8: 5.6692553200106210e-01
   p9: 9.2940000000000441e+02
   p10: 6.1737365050405310e+02
   p11: 8.0683016754762843e+02
inv_poly_parameters:
   p0: 7.6420131733218413e-07
   p1: 7.9882377203174677e-13
   p2: -2.9755593771242193e-19
   p3: 1.1227755143733299e-24
   p4: -1.8378797029275311e-09
   p5: -3.7529366659226348e-09
   p6: 8.4438916234134631e-02
   p7: 1.3367910122516052e-04
   p8: 1.6881713958676721e+00
   p9: 4.0950000000000443e+02
   p10: 6.1737513804640980e+02
   p11: 8.0682976562050453e+02
projection_parameters:
   frectified: 4.1077750400000002e+02
   x0rectified: 6.1772252800000001e+02
   y0rectified: 8.0587915199999998e+02
