%YAML:1.0
---
model_type: ladybug
camera_name: Cam4
image_width: 1616
image_height: 1232
poly_parameters:
   p0: -3.2162143321975015e-07
   p1: 6.7844604370915709e-13
   p2: -6.6430528857584440e-19
   p3: 2.8271555337488257e-25
   p4: -8.9454825696362214e-09
   p5: 2.2174628614996899e-08
   p6: 1.8299031364018389e-02
   p7: 2.4972231611845760e-04
   p8: 5.4912300138572789e-01
   p9: 9.3090000000000475e+02
   p10: 8.1647003192357863e+02
   p11: 6.0672796514864740e+02
inv_poly_parameters:
   p0: 7.5369805444454397e-07
   p1: 7.7798561098949458e-13
   p2: -2.9315197472729182e-19
   p3: 1.0788188638223841e-24
   p4: 3.3533607845114052e-08
   p5: 1.8292711036248528e-08
   p6: 9.4310120150828153e-02
   p7: 2.0225673242169087e-04
   p8: 1.6962968425168630e+00
   p9: 4.0970000000000448e+02
   p10: 8.1647485140598542e+02
   p11: 6.0671726501328658e+02
projection_parameters:
   frectified: 4.0392081600000000e+02
   x0rectified: 8.2327054399999997e+02
   y0rectified: 6.0192952000000002e+02
