%YAML:1.0
---
model_type: ladybug
camera_name: Cam0
image_width: 1616
image_height: 1232
poly_parameters:
   p0: -2.8515372907233969e-07
   p1: 6.1395027802188847e-13
   p2: -6.2095311490147201e-19
   p3: 2.7358982289184506e-25
   p4: -2.1126104564373242e-09
   p5: -1.6747938035386091e-09
   p6: 3.6216452857117436e-02
   p7: -1.6006910889970895e-04
   p8: 5.6709139945691911e-01
   p9: 9.2970000000000448e+02
   p10: 8.0683016626259212e+02
   p11: 6.1362634138143699e+02
inv_poly_parameters:
   p0: 7.6409344096844299e-07
   p1: 7.9876547760976650e-13
   p2: -2.9761175254733235e-19
   p3: 1.1229396007267391e-24
   p4: 3.7511173528549594e-09
   p5: -1.8374314371984637e-09
   p6: 8.4189990054537797e-02
   p7: -1.3364951498521534e-04
   p8: 1.6885592134361858e+00
   p9: 4.0940000000000441e+02
   p10: 8.0682976561251485e+02
   p11: 6.1362486223429846e+02
projection_parameters:
   frectified: 4.1077750400000002e+02
   x0rectified: 8.0587915199999998e+02
   y0rectified: 6.1327747199999999e+02
