%YAML:1.0
---
model_type: ladybug
camera_name: Cam3
image_width: 1616
image_height: 1232
poly_parameters:
   p0: -2.9074152063870972e-07
   p1: 6.4556352844031398e-13
   p2: -6.8339167461690434e-19
   p3: 3.1713851902457500e-25
   p4: 1.9415029279617777e-09
   p5: 1.3173605854777906e-08
   p6: 3.6939683607853012e-02
   p7: 3.4046943828861480e-04
   p8: 5.6376352897499760e-01
   p9: 9.2570000000000357e+02
   p10: 8.1047422351489672e+02
   p11: 6.1689062829199167e+02
inv_poly_parameters:
   p0: 7.3792012801314947e-07
   p1: 8.1464658167730292e-13
   p2: -3.8985925377331613e-19
   p3: 1.1015902961028138e-24
   p4: 6.2007309887448519e-09
   p5: 9.2826871710238471e-11
   p6: 8.7215443309559215e-02
   p7: 2.8274894644649494e-04
   p8: 1.6952064660848971e+00
   p9: 4.0950000000000443e+02
   p10: 8.1047873314370531e+02
   p11: 6.1688939628483217e+02
projection_parameters:
   frectified: 4.0680214400000000e+02
   x0rectified: 8.1087420799999995e+02
   y0rectified: 6.1735292800000002e+02
