%YAML:1.0
---
model_type: ladybug
camera_name: Cam5
image_width: 1616
image_height: 1232
poly_parameters:
   p0: -2.7210326876268748e-07
   p1: 6.2396580128207392e-13
   p2: -6.3725930369860666e-19
   p3: 2.7686647643140450e-25
   p4: -9.8891977665286314e-09
   p5: 2.8482185624487583e-08
   p6: 4.6780497556445470e-02
   p7: 3.6355231823825644e-04
   p8: 5.6035290088605161e-01
   p9: 9.1910000000000207e+02
   p10: 8.2412679579587200e+02
   p11: 6.1973744659099441e+02
inv_poly_parameters:
   p0: 1.7925233642759115e-07
   p1: 4.5948152290425365e-13
   p2: -4.4183894720082053e-19
   p3: 2.7832098388025817e-25
   p4: 2.8436220761798399e-08
   p5: 5.8617845327853654e-09
   p6: -2.6872853798126664e-02
   p7: 2.5202224660598511e-04
   p8: 1.9242111757044411e+00
   p9: 4.0930000000000439e+02
   p10: 8.2413642861680080e+02
   p11: 6.1972403803470309e+02
projection_parameters:
   frectified: 3.9943318399999998e+02
   x0rectified: 8.2636195199999997e+02
   y0rectified: 6.2166862400000002e+02
