%YAML:1.0
---
model_type: ladybug
camera_name: Cam2
image_width: 1616
image_height: 1232
poly_parameters:
   p0: -2.7995313356865525e-07
   p1: 5.8903100919171178e-13
   p2: -5.7559744868160571e-19
   p3: 2.4667624847932704e-25
   p4: 1.0212305225405855e-08
   p5: -2.2749262197366447e-08
   p6: 4.2881628339920846e-02
   p7: 1.4291936166967517e-04
   p8: 5.6866722260604796e-01
   p9: 9.3080000000000473e+02
   p10: 7.9777177558101948e+02
   p11: 6.2044647997049503e+02
inv_poly_parameters:
   p0: 6.6427940548409805e-07
   p1: 6.6209796409966321e-13
   p2: -2.2976856094961923e-19
   p3: 7.4407057646324121e-25
   p4: -1.7819665806611965e-08
   p5: -8.4423210732567448e-09
   p6: 6.6765288000776690e-02
   p7: 1.1490230413483376e-04
   p8: 1.7231827648058480e+00
   p9: 4.0970000000000448e+02
   p10: 7.9776455522535105e+02
   p11: 6.2045446259142830e+02
projection_parameters:
   frectified: 4.0838582400000001e+02
   x0rectified: 7.9395953599999996e+02
   y0rectified: 6.2305831999999998e+02
