%YAML:1.0
---
model_type: ladybug
camera_name: Cam1
image_width: 1616
image_height: 1232
poly_parameters:
   p0: -2.8544271643501749e-07
   p1: 5.9601434253855419e-13
   p2: -6.0119342991528878e-19
   p3: 2.6713067979414114e-25
   p4: 2.0622535309648285e-08
   p5: 1.0910339700008310e-08
   p6: 4.8807284045117111e-02
   p7: -1.9051793560336778e-05
   p8: 5.7330035741573060e-01
   p9: 9.3290000000000521e+02
   p10: 8.1089345822779262e+02
   p11: 6.2187795991670168e+02
inv_poly_parameters:
   p0: 7.0429532326866705e-07
   p1: 7.4686065632383020e-13
   p2: -3.1118960735386669e-19
   p3: 9.2617416075186538e-25
   p4: 3.0022527405066691e-09
   p5: 8.6240463012907284e-10
   p6: 7.4331683088150330e-02
   p7: -1.4722898952494279e-05
   p8: 1.7078634255864735e+00
   p9: 4.0930000000000439e+02
   p10: 8.1089744470489268e+02
   p11: 6.2188424138002063e+02
projection_parameters:
   frectified: 4.0971902399999999e+02
   x0rectified: 8.1394784000000004e+02
   y0rectified: 6.2423734400000001e+02
