%YAML:1.0
---
model_type: ladybug
camera_name: Cam1
image_width: 616
image_height: 808
poly_parameters:
   p0: -1.1877580036790486e-06
   p1: -1.1513627725376231e-12
   p2: -9.8819988901066785e-19
   p3: 2.8350703680217476e-24
   p4: 6.8814583161935492e-10
   p5: -4.3923702665300774e-09
   p6: 3.9004365750634268e-01
   p7: 1.3561030727449798e-05
   p8: 8.9351728670520458e-01
   p9: 9.1380000000000086e+02
   p10: 3.0455802948551485e+02
   p11: 4.0544890229617573e+02
inv_poly_parameters:
   p0: 5.3710439608844745e-06
   p1: 2.2782003814065506e-11
   p2: -3.7967325371176459e-17
   p3: 4.5196772171348536e-22
   p4: 3.2798963064823459e-09
   p5: -1.1440300657055402e-08
   p6: 1.0483759826794607e+00
   p7: 2.8071498195309621e-05
   p8: 8.9573968464754850e-01
   p9: 3.9020000000000005e+02
   p10: 3.0455787901355717e+02
   p11: 4.0544872268494868e+02
projection_parameters:
   frectified: 2.0485951200000000e+02
   x0rectified: 3.0338132800000000e+02
   y0rectified: 4.0697392000000002e+02
