%YAML:1.0
---
model_type: ladybug
camera_name: Cam0
image_width: 616
image_height: 808
poly_parameters:
   p0: -1.1743812899592730e-06
   p1: -1.3098142949404192e-12
   p2: 7.9191003665845034e-20
   p3: 3.9108116266977783e-25
   p4: -1.2558348157895683e-09
   p5: -1.8971391329163435e-09
   p6: 3.8980894839199409e-01
   p7: 1.2060201500244607e-04
   p8: 8.9534272531031311e-01
   p9: 9.1500000000000114e+02
   p10: 3.0868751082371386e+02
   p11: 4.0341490982632018e+02
inv_poly_parameters:
   p0: 5.8227584640138935e-06
   p1: 2.4346996723936251e-11
   p2: -3.6280590246993988e-17
   p3: 5.4758368428385051e-22
   p4: -7.0014534602155696e-09
   p5: -1.4295364054358895e-08
   p6: 1.0656116734195493e+00
   p7: 2.5462952389531892e-04
   p8: 8.8628414060675487e-01
   p9: 390.
   p10: 3.0868756896017663e+02
   p11: 4.0341488280861296e+02
projection_parameters:
   frectified: 2.0538875200000001e+02
   x0rectified: 3.0886126400000001e+02
   y0rectified: 4.0293957599999999e+02
