%YAML:1.0
---
model_type: ladybug
camera_name: Cam5
image_width: 616
image_height: 808
poly_parameters:
   p0: -1.1774145929033642e-06
   p1: -1.3024531207090454e-12
   p2: -2.3633672424512295e-19
   p3: 1.2093980524940095e-24
   p4: 5.4390165385099338e-09
   p5: 3.4585353866664675e-08
   p6: 4.0093147037579097e-01
   p7: -2.7625249242477429e-04
   p8: 8.9110948884117147e-01
   p9: 9.1180000000000041e+02
   p10: 3.0562812945186073e+02
   p11: 4.1206786177145608e+02
inv_poly_parameters:
   p0: 1.3691891811843717e-06
   p1: 1.4016992712786472e-11
   p2: -5.3893305644247246e-17
   p3: 1.3584101799525294e-22
   p4: 2.2316085286053571e-08
   p5: -1.0847313242074076e-07
   p6: 8.5556916576030040e-01
   p7: -4.8058032302102690e-04
   p8: 1.0091257103411999e+00
   p9: 3.9020000000000005e+02
   p10: 3.0563798183835632e+02
   p11: 4.1206821553316195e+02
projection_parameters:
   frectified: 1.9971659199999999e+02
   x0rectified: 3.0466568799999999e+02
   y0rectified: 4.1318097599999999e+02
