%YAML:1.0
---
model_type: ladybug
camera_name: Cam2
image_width: 616
image_height: 808
poly_parameters:
   p0: -1.1821715896139280e-06
   p1: -1.2507076610717140e-12
   p2: -5.7346546508298001e-19
   p3: 2.6910886912018882e-24
   p4: -7.2587682399452081e-09
   p5: -1.9913710776768936e-09
   p6: 3.8986147587663572e-01
   p7: -1.0711242168253103e-04
   p8: 8.9160368661413836e-01
   p9: 9.1270000000000061e+02
   p10: 3.0527514309224051e+02
   p11: 3.9888225929329496e+02
inv_poly_parameters:
   p0: 5.0609871624181998e-06
   p1: 2.0177157252567863e-11
   p2: -2.8007464357905783e-17
   p3: 3.6276460560774568e-22
   p4: -3.2159123656722405e-08
   p5: 6.7886855206725969e-08
   p6: 1.0319673560610776e+00
   p7: -2.1886408374251814e-04
   p8: 9.0465600378489031e-01
   p9: 3.9020000000000005e+02
   p10: 3.0527276860982471e+02
   p11: 3.9888227743828196e+02
projection_parameters:
   frectified: 2.0419291200000001e+02
   x0rectified: 3.0397084000000001e+02
   y0rectified: 3.9697976799999998e+02
