%YAML:1.0
---
model_type: ladybug
camera_name: Cam3
image_width: 616
image_height: 808
poly_parameters:
   p0: -1.1932556162452381e-06
   p1: -1.1016861116692499e-12
   p2: -1.5532052324694221e-18
   p3: 4.0298951166468793e-24
   p4: 2.3512531284978332e-09
   p5: 7.7812333080901393e-09
   p6: 3.9315040975765936e-01
   p7: -2.5616242971209831e-04
   p8: 8.9407036880985424e-01
   p9: 9.1150000000000034e+02
   p10: 3.0705324349688090e+02
   p11: 4.0523931026449344e+02
inv_poly_parameters:
   p0: 5.6362570435656188e-06
   p1: 2.4885464461985454e-11
   p2: -4.7619924164340229e-17
   p3: 5.3808979464334148e-22
   p4: 3.3145325972112606e-10
   p5: -2.3675941552379223e-08
   p6: 1.0766346104277558e+00
   p7: -5.4004579122465986e-04
   p8: 8.8751962386688721e-01
   p9: 3.9110000000000025e+02
   p10: 3.0705530146816807e+02
   p11: 4.0523936762366503e+02
projection_parameters:
   frectified: 2.0340107200000000e+02
   x0rectified: 3.0682353599999999e+02
   y0rectified: 4.0543710399999998e+02
