%YAML:1.0
---
model_type: ladybug
camera_name: Cam4
image_width: 616
image_height: 808
poly_parameters:
   p0: -1.1989826502783855e-06
   p1: -1.4452234746168869e-12
   p2: -4.9041534870750676e-20
   p3: 1.5856547709241486e-24
   p4: 1.3322485750972091e-08
   p5: 5.4712356014897346e-09
   p6: 3.9277056651774106e-01
   p7: -1.8278546735833306e-04
   p8: 8.8733885964526704e-01
   p9: 9.1520000000000118e+02
   p10: 3.1213696433089081e+02
   p11: 4.0823758740039011e+02
inv_poly_parameters:
   p0: 5.7612626460440055e-06
   p1: 2.3797671242103442e-11
   p2: -3.5927573762379026e-17
   p3: 5.2873822215722206e-22
   p4: 6.9963771653555197e-08
   p5: -1.2800906187754202e-07
   p6: 1.0899899409334139e+00
   p7: -3.8630527289752682e-04
   p8: 8.8817480269822457e-01
   p9: 3.9120000000000027e+02
   p10: 3.1214136393509688e+02
   p11: 4.0823742168755041e+02
projection_parameters:
   frectified: 2.0196040800000000e+02
   x0rectified: 3.1453523999999999e+02
   y0rectified: 4.1163527199999999e+02
