%YAML:1.0
---
model_type: ladybug
camera_name: Cam2
image_width: 404
image_height: 308
poly_parameters:
   p0: -4.3436451652841377e-06
   p1: -2.6484847221839363e-11
   p2: -1.8312356700728850e-16
   p3: 3.4759645082385229e-22
   p4: 3.0702731639080677e-09
   p5: -1.0465434551416195e-08
   p6: 4.4242485419030492e-01
   p7: 1.0154657329260074e-04
   p8: 9.7557377773210097e-01
   p9: 9.4740000000000850e+02
   p10: 1.9944096663639951e+02
   p11: 1.5511246245341323e+02
inv_poly_parameters:
   p0: 4.0594131761236163e-05
   p1: 6.4745621793373134e-10
   p2: -3.5960029105999977e-15
   p3: 1.8643618828974356e-19
   p4: -2.7207041919347372e-07
   p5: -1.2900929147864427e-07
   p6: 3.0725659618536940e+00
   p7: 4.3867586912955551e-04
   p8: 4.5136956006757095e-01
   p9: 3.9100000000000023e+02
   p10: 1.9944113953425682e+02
   p11: 1.5511361523743489e+02
projection_parameters:
   frectified: 1.0209645600000000e+02
   x0rectified: 1.9848988399999999e+02
   y0rectified: 1.5576458000000000e+02
