%YAML:1.0
---
model_type: ladybug
camera_name: Cam4
image_width: 404
image_height: 308
poly_parameters:
   p0: -4.3551466548744845e-06
   p1: -2.8166663856700696e-11
   p2: -1.7229918214540168e-16
   p3: 1.8481789851513387e-22
   p4: -9.8249351475025683e-09
   p5: 1.9901203856752517e-08
   p6: 4.4688604845357471e-01
   p7: 1.7273078220869398e-04
   p8: 9.7403826119905590e-01
   p9: 9.4930000000000894e+02
   p10: 2.0411909236785709e+02
   p11: 1.5168147497185529e+02
inv_poly_parameters:
   p0: 4.6001022828967282e-05
   p1: 7.6010648184542517e-10
   p2: -4.5914053126634013e-15
   p3: 2.7027192092986705e-19
   p4: 5.1093385107952107e-07
   p5: 2.7934842098045176e-07
   p6: 3.1714964434658079e+00
   p7: 7.7104777647225885e-04
   p8: 4.4499059129578239e-01
   p9: 3.9040000000000009e+02
   p10: 2.0411871050695618e+02
   p11: 1.5167931836001534e+02
projection_parameters:
   frectified: 1.0098020400000000e+02
   x0rectified: 2.0581763599999999e+02
   y0rectified: 1.5048238000000001e+02
