%YAML:1.0
---
model_type: ladybug
camera_name: Cam3
image_width: 404
image_height: 308
poly_parameters:
   p0: -4.4079963772811911e-06
   p1: -2.4911076388576563e-11
   p2: -2.2464642006273684e-16
   p3: 4.4550283612993383e-22
   p4: -1.5098350854737708e-08
   p5: 3.9880520270437982e-09
   p6: 4.4407553801729077e-01
   p7: 2.4350901545903132e-04
   p8: 9.7585757263598116e-01
   p9: 9.4400000000000773e+02
   p10: 2.0261965920077225e+02
   p11: 1.5422340841669762e+02
inv_poly_parameters:
   p0: 4.5222696821020219e-05
   p1: 7.9863159047308849e-10
   p2: -6.1120898445142963e-15
   p3: 2.7623250092366348e-19
   p4: 9.4975187660407970e-08
   p5: 1.2944904012934299e-09
   p6: 3.1659408696173137e+00
   p7: 1.0833725025954563e-03
   p8: 4.4240995358428475e-01
   p9: 3.9230000000000052e+02
   p10: 2.0261968401279458e+02
   p11: 1.5422234934023260e+02
projection_parameters:
   frectified: 1.0170053600000000e+02
   x0rectified: 2.0271855199999999e+02
   y0rectified: 1.5433823200000000e+02
