%YAML:1.0
---
model_type: ladybug
camera_name: Cam5
image_width: 404
image_height: 308
poly_parameters:
   p0: -4.3018914326131846e-06
   p1: -2.7570002846254938e-11
   p2: -1.4786270947829742e-16
   p3: -1.5879347841692720e-22
   p4: -6.4962402335899265e-08
   p5: 1.0009813109747467e-08
   p6: 4.5292704330925504e-01
   p7: 2.6183592912561019e-04
   p8: 9.7575762836229363e-01
   p9: 9.4700000000000841e+02
   p10: 2.0603391242271508e+02
   p11: 1.5493598782430371e+02
inv_poly_parameters:
   p0: 1.0947885534937728e-05
   p1: 4.5006108288330072e-10
   p2: -6.9287219779481735e-15
   p3: 6.9794704621100362e-20
   p4: 4.3497397290725889e-07
   p5: 8.9933375310206070e-08
   p6: 2.7228122461176518e+00
   p7: 9.6407494684818047e-04
   p8: 5.0298037282383867e-01
   p9: 3.9150000000000034e+02
   p10: 2.0603410622929744e+02
   p11: 1.5493101015381751e+02
projection_parameters:
   frectified: 9.9858295999999996e+01
   x0rectified: 2.0659048799999999e+02
   y0rectified: 1.5541715600000001e+02
