%YAML:1.0
---
model_type: ladybug
camera_name: Cam1
image_width: 404
image_height: 308
poly_parameters:
   p0: -4.3802010022481883e-06
   p1: -2.5826834506285365e-11
   p2: -1.8711228343565227e-16
   p3: 1.8911820840133669e-22
   p4: 7.0996169266042388e-09
   p5: 5.7121664971652436e-10
   p6: 4.4146264133803476e-01
   p7: -1.2869765800635846e-05
   p8: 9.7570156518933315e-01
   p9: 9.4800000000000864e+02
   p10: 2.0272448569779257e+02
   p11: 1.5547102349783481e+02
inv_poly_parameters:
   p0: 4.3026354740827104e-05
   p1: 7.3002649301968713e-10
   p2: -4.8667883892870487e-15
   p3: 2.3175452259767907e-19
   p4: 4.5850747338204328e-08
   p5: 1.3168859708558552e-08
   p6: 3.1020390344948456e+00
   p7: -5.6215346971531940e-05
   p8: 4.4729261841264234e-01
   p9: 3.9070000000000016e+02
   p10: 2.0272436118787954e+02
   p11: 1.5547106035524092e+02
projection_parameters:
   frectified: 1.0242975600000000e+02
   x0rectified: 2.0348696000000001e+02
   y0rectified: 1.5605933600000000e+02
