%YAML:1.0
---
model_type: ladybug
camera_name: Cam0
image_width: 404
image_height: 308
poly_parameters:
   p0: -4.3526519333830637e-06
   p1: -2.7892750963495261e-11
   p2: -1.3519862967738425e-16
   p3: -2.5507695577555338e-22
   p4: 3.5865825317346020e-09
   p5: -2.0600807696477630e-09
   p6: 4.4018312553782457e-01
   p7: -1.1476593559758301e-04
   p8: 9.7584262327463844e-01
   p9: 9.4250000000000739e+02
   p10: 2.0170743660571372e+02
   p11: 1.5340623419742838e+02
inv_poly_parameters:
   p0: 4.6908245727493304e-05
   p1: 7.8433632780071524e-10
   p2: -4.6700303271012823e-15
   p3: 2.8198765929205106e-19
   p4: 5.7659821433706552e-08
   p5: -2.8212805894945267e-08
   p6: 3.1616878485027335e+00
   p7: -5.1299466840674945e-04
   p8: 4.3989793166277641e-01
   p9: 3.9290000000000066e+02
   p10: 2.0170744140830544e+02
   p11: 1.5340621524314659e+02
projection_parameters:
   frectified: 1.0269437600000001e+02
   x0rectified: 2.0146978799999999e+02
   y0rectified: 1.5331936800000000e+02
