%YAML:1.0
---
model_type: ladybug
camera_name: Cam2
image_width: 308
image_height: 404
poly_parameters:
   p0: -4.3502605715011419e-06
   p1: -2.6449648599114704e-11
   p2: -1.8213762934919441e-16
   p3: 3.6299657173254003e-22
   p4: -1.0507494006194107e-08
   p5: -3.0770734739084738e-09
   p6: 4.4175684317130925e-01
   p7: -1.0162404540907047e-04
   p8: 9.7440709055055796e-01
   p9: 9.2870000000000425e+02
   p10: 1.5263753779164452e+02
   p11: 1.9944096839281940e+02
inv_poly_parameters:
   p0: 4.0625012786036212e-05
   p1: 6.4790600296619581e-10
   p2: -3.5979826184014062e-15
   p3: 1.8648013624591650e-19
   p4: -1.2909064325653142e-07
   p5: 2.7236604783792465e-07
   p6: 3.0765950821115382e+00
   p7: -4.3910210153245738e-04
   p8: 4.5092335262830818e-01
   p9: 3.9140000000000032e+02
   p10: 1.5263638454641810e+02
   p11: 1.9944113915859251e+02
projection_parameters:
   frectified: 1.0209645600000000e+02
   x0rectified: 1.5198542000000000e+02
   y0rectified: 1.9848988399999999e+02
