%YAML:1.0
---
model_type: ladybug
camera_name: Cam3
image_width: 308
image_height: 404
poly_parameters:
   p0: -4.4137433518031838e-06
   p1: -2.4845800923600600e-11
   p2: -2.2368511509486726e-16
   p3: 4.6555058733948870e-22
   p4: 3.9924769828028474e-09
   p5: 1.5110404373601984e-08
   p6: 4.4341227436007619e-01
   p7: -2.4368157308073902e-04
   p8: 9.7469585220904786e-01
   p9: 9.2350000000000307e+02
   p10: 1.5352659179990474e+02
   p11: 2.0261965933071136e+02
inv_poly_parameters:
   p0: 4.5384965103803790e-05
   p1: 8.0159698234826018e-10
   p2: -6.1366138734077113e-15
   p3: 2.7739752608107444e-19
   p4: 1.3759739066611574e-09
   p5: -9.5331670756857453e-08
   p6: 3.1799018049019012e+00
   p7: -1.0870344082721032e-03
   p8: 4.4093243332901855e-01
   p9: 3.9360000000000082e+02
   p10: 1.5352765082119731e+02
   p11: 2.0261968357642078e+02
projection_parameters:
   frectified: 1.0170053600000000e+02
   x0rectified: 1.5341176800000000e+02
   y0rectified: 2.0271855199999999e+02
