%YAML:1.0
---
model_type: ladybug
camera_name: Cam5
image_width: 308
image_height: 404
poly_parameters:
   p0: -4.3116666710592818e-06
   p1: -2.7602849494906100e-11
   p2: -1.4775335336208277e-16
   p3: -1.4884054028711933e-22
   p4: 1.0019807010324299e-08
   p5: 6.5065045632492907e-08
   p6: 4.5227440748313791e-01
   p7: -2.6207441458136099e-04
   p8: 9.7459507533707435e-01
   p9: 9.3480000000000564e+02
   p10: 1.5281401231157992e+02
   p11: 2.0603391277056633e+02
inv_poly_parameters:
   p0: 1.1082279025486828e-05
   p1: 4.5522946400239550e-10
   p2: -7.0068596289248896e-15
   p3: 7.0594406714280869e-20
   p4: 9.0891676839905582e-08
   p5: -4.4004752809264048e-07
   p6: 2.7657434181650262e+00
   p7: -9.7521479847263346e-04
   p8: 4.9724622647528754e-01
   p9: 3.9600000000000136e+02
   p10: 1.5281899006119571e+02
   p11: 2.0603410653774810e+02
projection_parameters:
   frectified: 9.9858295999999996e+01
   x0rectified: 1.5233284399999999e+02
   y0rectified: 2.0659048799999999e+02
