%YAML:1.0
---
model_type: ladybug
camera_name: Cam0
image_width: 308
image_height: 404
poly_parameters:
   p0: -4.3572571612309780e-06
   p1: -2.7809748695570974e-11
   p2: -1.3372399734523908e-16
   p3: -2.3656397375011025e-22
   p4: -2.0662467028086076e-09
   p5: -3.5904834614560400e-09
   p6: 4.3951543590527831e-01
   p7: 1.1484156725481366e-04
   p8: 9.7468076812361448e-01
   p9: 9.2010000000000230e+02
   p10: 1.5434376569998636e+02
   p11: 2.0170743689300753e+02
inv_poly_parameters:
   p0: 4.7195829034672723e-05
   p1: 7.8942036439468559e-10
   p2: -4.7065708936645241e-15
   p3: 2.8413428703912457e-19
   p4: -2.8371964813092257e-08
   p5: -5.7915662324477628e-08
   p6: 3.1853052104863155e+00
   p7: 5.1592963068157114e-04
   p8: 4.3741591126027907e-01
   p9: 3.9510000000000116e+02
   p10: 1.5434378441240577e+02
   p11: 2.0170744140210505e+02
projection_parameters:
   frectified: 1.0269437600000001e+02
   x0rectified: 1.5443063200000000e+02
   y0rectified: 2.0146978799999999e+02
