%YAML:1.0
---
model_type: ladybug
camera_name: Cam1
image_width: 308
image_height: 404
poly_parameters:
   p0: -4.3852128338692898e-06
   p1: -2.5743443550279056e-11
   p2: -1.8593727890698055e-16
   p3: 2.0933872913514389e-22
   p4: 5.7713598148828778e-10
   p5: -7.1118184895987889e-09
   p6: 4.4079525236475592e-01
   p7: 1.2878492965246892e-05
   p8: 9.7453770640344284e-01
   p9: 9.2580000000000359e+02
   p10: 1.5227897670312646e+02
   p11: 2.0272448537814870e+02
inv_poly_parameters:
   p0: 4.3236414010926152e-05
   p1: 7.3359564624460807e-10
   p2: -4.8906628956327185e-15
   p3: 2.3289562704485559e-19
   p4: 1.3244532328696193e-08
   p5: -4.6084442107924041e-08
   p6: 3.1219979628303394e+00
   p7: 5.6488767185310992e-05
   p8: 4.4512681265893816e-01
   p9: 3.9260000000000059e+02
   p10: 1.5227893969051203e+02
   p11: 2.0272436113563987e+02
projection_parameters:
   frectified: 1.0242975600000000e+02
   x0rectified: 1.5169066400000000e+02
   y0rectified: 2.0348696000000001e+02
