%YAML:1.0
---
model_type: ladybug
camera_name: Cam4
image_width: 308
image_height: 404
poly_parameters:
   p0: -4.3631894273599652e-06
   p1: -2.8169597947941823e-11
   p2: -1.7145307878065244e-16
   p3: 1.9773272056220713e-22
   p4: 1.9976919538848623e-08
   p5: 9.8393126079046107e-09
   p6: 4.4621231096825753e-01
   p7: -1.7287515324157439e-04
   p8: 9.7285428392404050e-01
   p9: 9.3280000000000518e+02
   p10: 1.5606852462123558e+02
   p11: 2.0411908910577722e+02
inv_poly_parameters:
   p0: 4.6766519539934144e-05
   p1: 7.7251163031511174e-10
   p2: -4.6606003253496705e-15
   p3: 2.7439446449262185e-19
   p4: 2.8384412206260204e-07
   p5: -5.1992973017909236e-07
   p6: 3.2427881473471682e+00
   p7: -7.8419598706474570e-04
   p8: 4.3751311670115189e-01
   p9: 3.9710000000000161e+02
   p10: 1.5607068303518008e+02
   p11: 2.0411871202225026e+02
projection_parameters:
   frectified: 1.0098020400000000e+02
   x0rectified: 1.5726761999999999e+02
   y0rectified: 2.0581763599999999e+02
