%YAML:1.0
---
model_type: ladybug
camera_name: Cam5
image_width: 808
image_height: 616
poly_parameters:
   p0: -1.1683087470136001e-06
   p1: -1.2861679230994479e-12
   p2: -2.3352954588682282e-19
   p3: 1.1823840067516325e-24
   p4: -3.4406812197711345e-08
   p5: 5.4107970424465608e-09
   p6: 4.0250248739102096e-01
   p7: 2.7553414393039865e-04
   p8: 8.9345248335800442e-01
   p9: 9.1200000000000045e+02
   p10: 4.1206786175617651e+02
   p11: 3.0987187064107235e+02
inv_poly_parameters:
   p0: 1.3630331008666230e-06
   p1: 1.4014192455337407e-11
   p2: -5.3943206341572019e-17
   p3: 1.3583290752171096e-22
   p4: 1.0834498362467718e-07
   p5: 2.2412793261133839e-08
   p6: 8.5471310969739689e-01
   p7: 4.8029841409617943e-04
   p8: 1.0095908465257071e+00
   p9: 3.9010000000000002e+02
   p10: 4.1206821213141910e+02
   p11: 3.0986202053559128e+02
projection_parameters:
   frectified: 1.9971659199999999e+02
   x0rectified: 4.1318097599999999e+02
   y0rectified: 3.1083431200000001e+02
