%YAML:1.0
---
model_type: ladybug
camera_name: Cam1
image_width: 808
image_height: 616
poly_parameters:
   p0: -1.1881255948168047e-06
   p1: -1.1498712752810800e-12
   p2: -9.8253189309328157e-19
   p3: 2.8339394055311599e-24
   p4: 4.3953295751238929e-09
   p5: 6.8952689954710490e-10
   p6: 3.8987580764950414e-01
   p7: -1.3563470940863023e-05
   p8: 8.9327165804909714e-01
   p9: 9.1290000000000066e+02
   p10: 4.0544890208324068e+02
   p11: 3.1094197027957904e+02
inv_poly_parameters:
   p0: 5.3803843522145197e-06
   p1: 2.2821166171844403e-11
   p2: -3.8030791258718390e-17
   p3: 4.5269950825846733e-22
   p4: 1.1455804164215233e-08
   p5: 3.2807133656140719e-09
   p6: 1.0520356312378991e+00
   p7: -2.8121612586041613e-05
   p8: 8.9414215361339389e-01
   p9: 3.9090000000000020e+02
   p10: 4.0544872289071031e+02
   p11: 3.1094212117396393e+02
projection_parameters:
   frectified: 2.0485951200000000e+02
   x0rectified: 4.0697392000000002e+02
   y0rectified: 3.1211867200000000e+02
