%YAML:1.0
---
model_type: ladybug
camera_name: Cam3
image_width: 808
image_height: 616
poly_parameters:
   p0: -1.1915024228056349e-06
   p1: -1.1030117418756333e-12
   p2: -1.5614503008227753e-18
   p3: 4.0205654463808951e-24
   p4: -7.7748137721975302e-09
   p5: 2.3471011293396189e-09
   p6: 3.9365655729826915e-01
   p7: 2.5599947797183087e-04
   p8: 8.9481612443568914e-01
   p9: 9.1330000000000075e+02
   p10: 4.0523931038430379e+02
   p11: 3.0844675690678395e+02
inv_poly_parameters:
   p0: 5.6351979413011955e-06
   p1: 2.4881555952846856e-11
   p2: -4.7615965297724244e-17
   p3: 5.3807230664764927e-22
   p4: 2.3672460680874050e-08
   p5: 3.3612581603105988e-10
   p6: 1.0761228323532610e+00
   p7: 5.3991654929941410e-04
   p8: 8.8773847108685644e-01
   p9: 3.9100000000000023e+02
   p10: 4.0523936740716675e+02
   p11: 3.0844469845173376e+02
projection_parameters:
   frectified: 2.0340107200000000e+02
   x0rectified: 4.0543710399999998e+02
   y0rectified: 3.0867646400000001e+02
