%YAML:1.0
---
model_type: ladybug
camera_name: Cam4
image_width: 808
image_height: 616
poly_parameters:
   p0: -1.1962337288838512e-06
   p1: -1.4312038208799610e-12
   p2: -1.1395200795825729e-20
   p3: 1.5404584403673349e-24
   p4: -5.4624568029075791e-09
   p5: 1.3331506251921197e-08
   p6: 3.9276903950183401e-01
   p7: 1.8270541056418965e-04
   p8: 8.8733773130617766e-01
   p9: 9.1120000000000027e+02
   p10: 4.0823758119505675e+02
   p11: 3.0336303615765047e+02
inv_poly_parameters:
   p0: 5.7457167924471858e-06
   p1: 2.3735125171335727e-11
   p2: -3.5842980406642346e-17
   p3: 5.2747175913550325e-22
   p4: 1.2763513628874851e-07
   p5: 6.9783633335750073e-08
   p6: 1.0841458223444043e+00
   p7: 3.8522773324808332e-04
   p8: 8.9066544777501910e-01
   p9: 3.9010000000000002e+02
   p10: 4.0823742100596900e+02
   p11: 3.0335863672795028e+02
projection_parameters:
   frectified: 2.0196040800000000e+02
   x0rectified: 4.1163527199999999e+02
   y0rectified: 3.0096476000000001e+02
