%YAML:1.0
---
model_type: ladybug
camera_name: Cam2
image_width: 808
image_height: 616
poly_parameters:
   p0: -1.1778704310934542e-06
   p1: -1.2426914469170660e-12
   p2: -5.6700725217562134e-19
   p3: 2.6604863902018416e-24
   p4: 1.9867403484458300e-09
   p5: -7.2421943776970587e-09
   p6: 3.9057878404018720e-01
   p7: 1.0698415468390114e-04
   p8: 8.9265317396939359e-01
   p9: 9.1250000000000057e+02
   p10: 3.9888225948136176e+02
   p11: 3.1022485687042484e+02
inv_poly_parameters:
   p0: 5.0763384731439415e-06
   p1: 2.0240742292923507e-11
   p2: -2.8102914556284521e-17
   p3: 3.6420662127529493e-22
   p4: -6.8054224415780774e-08
   p5: -3.2263799778269591e-08
   p6: 1.0372975763752887e+00
   p7: 2.1944576474803321e-04
   p8: 9.0228947219460387e-01
   p9: 3.9120000000000027e+02
   p10: 3.9888227877158096e+02
   p11: 3.1022723064864158e+02
projection_parameters:
   frectified: 2.0419291200000001e+02
   x0rectified: 3.9697976799999998e+02
   y0rectified: 3.1152915999999999e+02
