%YAML:1.0
---
model_type: ladybug
camera_name: Cam0
image_width: 808
image_height: 616
poly_parameters:
   p0: -1.1752162582950575e-06
   p1: -1.3068635893621829e-12
   p2: 9.3945923857657495e-20
   p3: 3.8246985050211471e-25
   p4: 1.8982238980976481e-09
   p5: -1.2574402584356560e-09
   p6: 3.8943110055201202e-01
   p7: -1.2065030408824561e-04
   p8: 8.9478898545085106e-01
   p9: 9.1300000000000068e+02
   p10: 4.0341491002336170e+02
   p11: 3.0681248929242980e+02
inv_poly_parameters:
   p0: 5.8408663528405313e-06
   p1: 2.4423242668336411e-11
   p2: -3.6397228347329744e-17
   p3: 5.4933685232624824e-22
   p4: 1.4338244590569536e-08
   p5: -7.0229954635938627e-09
   p6: 1.0719770757925651e+00
   p7: -2.5541485520872012e-04
   p8: 8.8356138876663515e-01
   p9: 3.9120000000000027e+02
   p10: 4.0341488280729504e+02
   p11: 3.0681243108469522e+02
projection_parameters:
   frectified: 2.0538875200000001e+02
   x0rectified: 4.0293957599999999e+02
   y0rectified: 3.0663873599999999e+02
